0	0	0	|"org"
1	0	3	|"."
2	0	4	|"praisethemoon"
3	0	17	|"."
4	0	18	|"mana"
5	0	22	|"."
6	0	23	|"stdio"
7	1	0	|"dummy"
8	1	6	|"to"
9	1	9	|"stop"
10	1	14	|"test"
11	1	19	|"from"
12	1	24	|"crashing"
13	1	33	|"because"
14	1	41	|"it"
15	1	44	|"reached"
16	1	52	|"EOF"
17	1	55	|"."
0	0	0	|"org"
1	0	3	|"."
2	0	4	|"praisethemoon"
3	0	17	|"."
4	0	18	|"mana"
5	0	22	|"."
6	0	23	|"stdio"
7	1	0	|"dummy"
8	1	6	|"to"
9	1	9	|"stop"
10	1	14	|"test"
11	1	19	|"from"
12	1	24	|"crashing"
13	1	33	|"because"
14	1	41	|"it"
15	1	44	|"reached"
16	1	52	|"EOF"
17	1	55	|"."
0	0	0	|"import"
1	0	7	|"("
2	1	4	|"org"
3	1	7	|"."
4	1	8	|"praisethemoon"
5	1	22	|"{"
6	1	23	|"mana"
7	1	27	|"."
8	1	28	|"system"
9	1	34	|"."
10	1	35	|"io"
11	1	37	|"."
12	1	38	|"stdio"
13	1	43	|","
14	1	45	|"java"
15	1	49	|"."
16	1	50	|"jre"
17	1	53	|"}"
18	2	0	|")"
0	0	0	|"import"
1	0	7	|"("
2	1	4	|"org"
3	1	7	|"."
4	1	8	|"praisethemoon"
5	1	22	|"{"
6	1	23	|"mana"
7	1	27	|"."
8	1	28	|"system"
9	1	34	|"."
10	1	35	|"io"
11	1	37	|"."
12	1	38	|"stdio"
13	1	43	|","
14	1	45	|"java"
15	1	49	|"."
16	1	50	|"jre"
17	1	53	|"}"
18	2	0	|")"
0	0	0	|"org"
1	0	3	|"."
2	0	4	|"praisethemoon"
3	0	17	|"."
4	0	18	|"mana"
5	0	22	|"."
6	0	23	|"stdio"
7	1	0	|"dummy"
8	1	6	|"to"
9	1	9	|"stop"
10	1	14	|"test"
11	1	19	|"from"
12	1	24	|"crashing"
13	1	33	|"because"
14	1	41	|"it"
15	1	44	|"reached"
16	1	52	|"EOF"
17	1	55	|"."
0	0	0	|"org"
1	0	3	|"."
2	0	4	|"praisethemoon"
3	0	17	|"."
4	0	18	|"mana"
5	0	22	|"."
6	0	23	|"stdio"
7	1	0	|"dummy"
8	1	6	|"to"
9	1	9	|"stop"
10	1	14	|"test"
11	1	19	|"from"
12	1	24	|"crashing"
13	1	33	|"because"
14	1	41	|"it"
15	1	44	|"reached"
16	1	52	|"EOF"
17	1	55	|"."
0	0	0	|"import"
1	0	7	|"("
2	1	4	|"org"
3	1	7	|"."
4	1	8	|"praisethemoon"
5	1	22	|"{"
6	1	23	|"mana"
7	1	27	|"."
8	1	28	|"system"
9	1	34	|"."
10	1	35	|"io"
11	1	37	|"."
12	1	38	|"stdio"
13	1	43	|","
14	1	45	|"java"
15	1	49	|"."
16	1	50	|"jre"
17	1	53	|"}"
18	1	54	|","
19	2	4	|"why"
20	2	7	|"."
21	2	8	|"why"
22	2	11	|"."
23	2	12	|"ya"
24	2	14	|"."
25	2	15	|"w5ayani"
26	3	0	|")"
0	0	0	|"import"
1	0	7	|"("
2	1	4	|"org"
3	1	7	|"."
4	1	8	|"praisethemoon"
5	1	22	|"{"
6	1	23	|"mana"
7	1	27	|"."
8	1	28	|"system"
9	1	34	|"."
10	1	35	|"io"
11	1	37	|"."
12	1	38	|"stdio"
13	1	43	|","
14	1	45	|"java"
15	1	49	|"."
16	1	50	|"jre"
17	1	53	|"}"
18	1	54	|","
19	2	4	|"why"
20	2	7	|"."
21	2	8	|"why"
22	2	11	|"."
23	2	12	|"ya"
24	2	14	|"."
25	2	15	|"w5ayani"
26	3	0	|")"
0	0	0	|"org"
1	0	3	|"."
2	0	4	|"praisethemoon"
3	0	17	|"."
4	0	18	|"mana"
5	0	22	|"."
6	0	23	|"stdio"
7	1	0	|"dummy"
8	1	6	|"to"
9	1	9	|"stop"
10	1	14	|"test"
11	1	19	|"from"
12	1	24	|"crashing"
13	1	33	|"because"
14	1	41	|"it"
15	1	44	|"reached"
16	1	52	|"EOF"
17	1	55	|"."
0	0	0	|"org"
1	0	3	|"."
2	0	4	|"praisethemoon"
3	0	17	|"."
4	0	18	|"mana"
5	0	22	|"."
6	0	23	|"stdio"
7	1	0	|"dummy"
8	1	6	|"to"
9	1	9	|"stop"
10	1	14	|"test"
11	1	19	|"from"
12	1	24	|"crashing"
13	1	33	|"because"
14	1	41	|"it"
15	1	44	|"reached"
16	1	52	|"EOF"
17	1	55	|"."
0	0	0	|"import"
1	0	7	|"("
2	1	4	|"org"
3	1	7	|"."
4	1	8	|"praisethemoon"
5	1	22	|"{"
6	1	23	|"mana"
7	1	27	|"."
8	1	28	|"system"
9	1	34	|"."
10	1	35	|"io"
11	1	37	|"."
12	1	38	|"stdio"
13	1	43	|","
14	1	45	|"java"
15	1	49	|"."
16	1	50	|"jre"
17	1	53	|"}"
18	1	54	|","
19	2	4	|"why"
20	2	7	|"."
21	2	8	|"why"
22	2	11	|"."
23	2	12	|"ya"
24	2	14	|"."
25	2	15	|"w5ayani"
26	3	0	|")"
0	0	0	|"import"
1	0	7	|"("
2	1	4	|"org"
3	1	7	|"."
4	1	8	|"praisethemoon"
5	1	22	|"{"
6	1	23	|"mana"
7	1	27	|"."
8	1	28	|"system"
9	1	34	|"."
10	1	35	|"io"
11	1	37	|"."
12	1	38	|"stdio"
13	1	43	|","
14	1	45	|"java"
15	1	49	|"."
16	1	50	|"jre"
17	1	53	|"}"
18	1	54	|","
19	2	4	|"why"
20	2	7	|"."
21	2	8	|"why"
22	2	11	|"."
23	2	12	|"ya"
24	2	14	|"."
25	2	15	|"w5ayani"
26	3	0	|")"
